USB2E5653_1		
372.62	-201.56	
372.999	1.44	
373.378	8.44	
373.757	7.44	
374.136	4.44	
374.515	13.44	
374.894	15.44	
375.273	12.44	
375.651	9.44	
376.03	12.44	
376.409	12.44	
376.788	19.44	
377.166	11.44	
377.545	14.44	
377.924	14.44	
378.302	16.44	
378.681	13.44	
379.059	14.44	
379.438	16.44	
379.816	13.44	
380.195	14.44	
380.573	11.44	
380.951	14.44	
381.329	15.44	
381.708	14.44	
382.086	17.44	
382.464	14.44	
382.842	11.44	
383.22	15.44	
383.598	12.44	
383.976	15.44	
384.354	16.44	
384.732	9.44	
385.11	13.44	
385.488	14.44	
385.866	11.44	
386.244	18.44	
386.621	19.44	
386.999	16.44	
387.377	15.44	
387.754	15.44	
388.132	13.44	
388.509	15.44	
388.887	11.44	
389.264	19.44	
389.642	12.44	
390.019	81.44	
390.397	15.44	
390.774	16.44	
391.151	13.44	
391.528	18.44	
391.906	21.44	
392.283	15.44	
392.66	15.44	
393.037	21.44	
393.414	18.44	
393.791	14.44	
394.168	17.44	
394.545	13.44	
394.922	12.44	
395.299	18.44	
395.676	16.44	
396.052	14.44	
396.429	16.44	
396.806	18.44	
397.183	14.44	
397.559	17.44	
397.936	16.44	
398.312	22.44	
398.689	15.44	
399.065	18.44	
399.442	14.44	
399.818	18.44	
400.195	15.44	
400.571	23.44	
400.947	16.44	
401.324	16.44	
401.7	20.44	
402.076	22.44	
402.452	11.44	
402.828	13.44	
403.204	21.44	
403.58	14.44	
403.956	16.44	
404.332	22.44	
404.708	12.44	
405.084	17.44	
405.46	13.44	
405.836	19.44	
406.211	21.44	
406.587	16.44	
406.963	16.44	
407.338	15.44	
407.714	11.44	
408.089	18.44	
408.465	19.44	
408.84	19.44	
409.216	14.44	
409.591	20.44	
409.967	14.44	
410.342	14.44	
410.717	19.44	
411.093	25.44	
411.468	23.44	
411.843	17.44	
412.218	18.44	
412.593	21.44	
412.968	13.44	
413.343	16.44	
413.718	14.44	
414.093	14.44	
414.468	17.44	
414.843	21.44	
415.218	14.44	
415.593	15.44	
415.967	20.44	
416.342	17.44	
416.717	18.44	
417.091	17.44	
417.466	23.44	
417.84	14.44	
418.215	17.44	
418.589	15.44	
418.964	23.44	
419.338	16.44	
419.713	19.44	
420.087	20.44	
420.461	19.44	
420.835	16.44	
421.21	16.44	
421.584	15.44	
421.958	16.44	
422.332	22.44	
422.706	21.44	
423.08	16.44	
423.454	18.44	
423.828	15.44	
424.202	17.44	
424.576	15.44	
424.949	17.44	
425.323	20.44	
425.697	16.44	
426.071	15.44	
426.444	20.44	
426.818	17.44	
427.191	10.44	
427.565	20.44	
427.939	14.44	
428.312	16.44	
428.685	20.44	
429.059	17.44	
429.432	15.44	
429.805	19.44	
430.179	17.44	
430.552	18.44	
430.925	16.44	
431.298	20.44	
431.671	18.44	
432.044	20.44	
432.417	22.44	
432.79	20.44	
433.163	18.44	
433.536	19.44	
433.909	18.44	
434.282	17.44	
434.655	17.44	
435.027	22.44	
435.4	13.44	
435.773	20.44	
436.145	17.44	
436.518	21.44	
436.891	12.44	
437.263	24.44	
437.636	6.44	
438.008	15.44	
438.38	16.44	
438.753	22.44	
439.125	14.44	
439.497	17.44	
439.87	15.44	
440.242	17.44	
440.614	19.44	
440.986	16.44	
441.358	19.44	
441.73	17.44	
442.102	11.44	
442.474	14.44	
442.846	19.44	
443.218	24.44	
443.59	19.44	
443.962	19.44	
444.333	18.44	
444.705	22.44	
445.077	14.44	
445.448	20.44	
445.82	23.44	
446.192	16.44	
446.563	17.44	
446.935	15.44	
447.306	19.44	
447.677	22.44	
448.049	16.44	
448.42	17.44	
448.791	25.44	
449.163	19.44	
449.534	12.44	
449.905	29.44	
450.276	18.44	
450.647	19.44	
451.018	20.44	
451.389	14.44	
451.76	18.44	
452.131	26.44	
452.502	19.44	
452.873	13.44	
453.244	17.44	
453.615	23.44	
453.985	22.44	
454.356	14.44	
454.727	15.44	
455.097	25.44	
455.468	19.44	
455.838	16.44	
456.209	19.44	
456.579	20.44	
456.95	24.44	
457.32	17.44	
457.69	12.44	
458.061	18.44	
458.431	24.44	
458.801	15.44	
459.171	16.44	
459.541	19.44	
459.911	18.44	
460.281	23.44	
460.651	18.44	
461.021	18.44	
461.391	40.44	
461.761	17.44	
462.131	16.44	
462.501	19.44	
462.871	16.44	
463.24	20.44	
463.61	17.44	
463.98	18.44	
464.349	18.44	
464.719	23.44	
465.088	13.44	
465.458	19.44	
465.827	23.44	
466.197	18.44	
466.566	19.44	
466.935	17.44	
467.305	21.44	
467.674	17.44	
468.043	22.44	
468.412	16.44	
468.781	18.44	
469.151	15.44	
469.52	21.44	
469.889	22.44	
470.258	18.44	
470.626	24.44	
470.995	23.44	
471.364	15.44	
471.733	18.44	
472.102	20.44	
472.47	19.44	
472.839	20.44	
473.208	15.44	
473.576	18.44	
473.945	16.44	
474.313	22.44	
474.682	14.44	
475.05	14.44	
475.419	17.44	
475.787	16.44	
476.155	22.44	
476.524	20.44	
476.892	17.44	
477.26	16.44	
477.628	15.44	
477.996	19.44	
478.364	14.44	
478.732	19.44	
479.1	22.44	
479.468	16.44	
479.836	19.44	
480.204	19.44	
480.572	21.44	
480.94	14.44	
481.307	17.44	
481.675	23.44	
482.043	20.44	
482.41	13.44	
482.778	15.44	
483.146	14.44	
483.513	13.44	
483.88	15.44	
484.248	15.44	
484.615	15.44	
484.983	23.44	
485.35	16.44	
485.717	9.44	
486.084	20.44	
486.452	19.44	
486.819	16.44	
487.186	18.44	
487.553	17.44	
487.92	22.44	
488.287	21.44	
488.654	17.44	
489.021	19.44	
489.387	22.44	
489.754	16.44	
490.121	16.44	
490.488	20.44	
490.854	17.44	
491.221	19.44	
491.588	15.44	
491.954	17.44	
492.321	15.44	
492.687	19.44	
493.054	23.44	
493.42	16.44	
493.786	22.44	
494.153	16.44	
494.519	17.44	
494.885	16.44	
495.251	18.44	
495.617	21.44	
495.984	17.44	
496.35	19.44	
496.716	25.44	
497.082	18.44	
497.448	19.44	
497.813	20.44	
498.179	19.44	
498.545	18.44	
498.911	20.44	
499.277	20.44	
499.642	19.44	
500.008	18.44	
500.374	19.44	
500.739	20.44	
501.105	17.44	
501.47	20.44	
501.836	15.44	
502.201	16.44	
502.566	22.44	
502.932	16.44	
503.297	20.44	
503.662	15.44	
504.027	21.44	
504.393	17.44	
504.758	22.44	
505.123	15.44	
505.488	14.44	
505.853	19.44	
506.218	17.44	
506.583	20.44	
506.948	17.44	
507.312	17.44	
507.677	19.44	
508.042	20.44	
508.407	23.44	
508.771	27.44	
509.136	23.44	
509.5	22.44	
509.865	15.44	
510.229	17.44	
510.594	19.44	
510.958	19.44	
511.323	21.44	
511.687	19.44	
512.051	15.44	
512.415	17.44	
512.78	18.44	
513.144	17.44	
513.508	21.44	
513.872	16.44	
514.236	14.44	
514.6	18.44	
514.964	16.44	
515.328	23.44	
515.692	15.44	
516.056	21.44	
516.419	18.44	
516.783	12.44	
517.147	18.44	
517.51	21.44	
517.874	20.44	
518.238	15.44	
518.601	22.44	
518.965	23.44	
519.328	20.44	
519.692	15.44	
520.055	20.44	
520.418	24.44	
520.782	24.44	
521.145	26.44	
521.508	15.44	
521.871	18.44	
522.234	20.44	
522.597	20.44	
522.96	15.44	
523.323	18.44	
523.686	16.44	
524.049	19.44	
524.412	12.44	
524.775	23.44	
525.138	16.44	
525.5	16.44	
525.863	20.44	
526.226	20.44	
526.588	20.44	
526.951	16.44	
527.313	18.44	
527.676	17.44	
528.038	14.44	
528.401	21.44	
528.763	16.44	
529.125	16.44	
529.488	17.44	
529.85	21.44	
530.212	19.44	
530.574	17.44	
530.936	18.44	
531.298	18.44	
531.66	19.44	
532.022	19.44	
532.384	114.44	
532.746	22.44	
533.108	16.44	
533.47	16.44	
533.832	20.44	
534.193	19.44	
534.555	19.44	
534.917	19.44	
535.278	16.44	
535.64	17.44	
536.001	17.44	
536.363	20.44	
536.724	19.44	
537.086	21.44	
537.447	16.44	
537.808	20.44	
538.17	17.44	
538.531	22.44	
538.892	16.44	
539.253	15.44	
539.614	21.44	
539.975	21.44	
540.336	19.44	
540.697	25.44	
541.058	17.44	
541.419	16.44	
541.78	15.44	
542.141	21.44	
542.501	17.44	
542.862	22.44	
543.223	13.44	
543.583	16.44	
543.944	16.44	
544.304	20.44	
544.665	19.44	
545.025	22.44	
545.386	19.44	
545.746	20.44	
546.106	26.44	
546.467	17.44	
546.827	18.44	
547.187	18.44	
547.547	17.44	
547.907	17.44	
548.267	19.44	
548.627	18.44	
548.987	24.44	
549.347	15.44	
549.707	15.44	
550.067	19.44	
550.427	19.44	
550.787	19.44	
551.146	18.44	
551.506	17.44	
551.866	20.44	
552.225	17.44	
552.585	21.44	
552.944	17.44	
553.304	16.44	
553.663	19.44	
554.023	23.44	
554.382	19.44	
554.741	19.44	
555.101	20.44	
555.46	9.44	
555.819	18.44	
556.178	18.44	
556.537	19.44	
556.896	16.44	
557.255	15.44	
557.614	19.44	
557.973	16.44	
558.332	25.44	
558.691	19.44	
559.05	20.44	
559.408	20.44	
559.767	16.44	
560.126	18.44	
560.484	19.44	
560.843	20.44	
561.201	18.44	
561.56	18.44	
561.918	19.44	
562.277	19.44	
562.635	21.44	
562.993	12.44	
563.352	21.44	
563.71	19.44	
564.068	19.44	
564.426	18.44	
564.784	17.44	
565.142	17.44	
565.5	17.44	
565.858	21.44	
566.216	17.44	
566.574	20.44	
566.932	23.44	
567.29	15.44	
567.647	12.44	
568.005	13.44	
568.363	20.44	
568.72	19.44	
569.078	17.44	
569.435	15.44	
569.793	18.44	
570.15	19.44	
570.508	17.44	
570.865	18.44	
571.222	17.44	
571.58	17.44	
571.937	14.44	
572.294	25.44	
572.651	20.44	
573.008	18.44	
573.365	18.44	
573.722	19.44	
574.079	18.44	
574.436	20.44	
574.793	24.44	
575.15	14.44	
575.507	16.44	
575.863	20.44	
576.22	19.44	
576.577	20.44	
576.933	21.44	
577.29	24.44	
577.647	24.44	
578.003	13.44	
578.359	16.44	
578.716	26.44	
579.072	18.44	
579.429	22.44	
579.785	21.44	
580.141	19.44	
580.497	17.44	
580.853	22.44	
581.209	19.44	
581.566	18.44	
581.922	19.44	
582.277	18.44	
582.633	15.44	
582.989	15.44	
583.345	21.44	
583.701	21.44	
584.057	16.44	
584.412	21.44	
584.768	17.44	
585.124	23.44	
585.479	16.44	
585.835	19.44	
586.19	22.44	
586.546	19.44	
586.901	17.44	
587.256	18.44	
587.612	19.44	
587.967	17.44	
588.322	15.44	
588.677	14.44	
589.032	21.44	
589.388	15.44	
589.743	16.44	
590.098	16.44	
590.452	17.44	
590.807	17.44	
591.162	22.44	
591.517	18.44	
591.872	19.44	
592.227	23.44	
592.581	19.44	
592.936	20.44	
593.291	21.44	
593.645	18.44	
594	14.44	
594.354	18.44	
594.709	11.44	
595.063	19.44	
595.417	15.44	
595.772	16.44	
596.126	20.44	
596.48	18.44	
596.834	18.44	
597.188	20.44	
597.542	19.44	
597.896	18.44	
598.25	22.44	
598.604	18.44	
598.958	20.44	
599.312	16.44	
599.666	17.44	
600.02	17.44	
600.373	16.44	
600.727	20.44	
601.081	13.44	
601.434	21.44	
601.788	18.44	
602.141	14.44	
602.495	22.44	
602.848	20.44	
603.201	14.44	
603.555	17.44	
603.908	13.44	
604.261	16.44	
604.614	24.44	
604.968	22.44	
605.321	17.44	
605.674	15.44	
606.027	20.44	
606.38	16.44	
606.733	23.44	
607.086	19.44	
607.438	14.44	
607.791	26.44	
608.144	17.44	
608.497	16.44	
608.849	19.44	
609.202	16.44	
609.554	17.44	
609.907	17.44	
610.259	18.44	
610.612	17.44	
610.964	13.44	
611.317	20.44	
611.669	21.44	
612.021	20.44	
612.373	18.44	
612.725	15.44	
613.078	20.44	
613.43	22.44	
613.782	16.44	
614.134	18.44	
614.486	15.44	
614.837	24.44	
615.189	22.44	
615.541	18.44	
615.893	17.44	
616.245	19.44	
616.596	23.44	
616.948	11.44	
617.3	19.44	
617.651	23.44	
618.003	19.44	
618.354	17.44	
618.705	14.44	
619.057	21.44	
619.408	18.44	
619.759	14.44	
620.111	17.44	
620.462	18.44	
620.813	21.44	
621.164	22.44	
621.515	16.44	
621.866	14.44	
622.217	21.44	
622.568	17.44	
622.919	24.44	
623.27	21.44	
623.62	25.44	
623.971	15.44	
624.322	17.44	
624.672	15.44	
625.023	16.44	
625.373	14.44	
625.724	10.44	
626.074	19.44	
626.425	15.44	
626.775	22.44	
627.126	17.44	
627.476	20.44	
627.826	18.44	
628.176	21.44	
628.526	20.44	
628.876	18.44	
629.227	23.44	
629.577	24.44	
629.927	20.44	
630.276	13.44	
630.626	14.44	
630.976	20.44	
631.326	18.44	
631.676	21.44	
632.025	16.44	
632.375	16.44	
632.725	18.44	
633.074	19.44	
633.424	18.44	
633.773	18.44	
634.123	22.44	
634.472	20.44	
634.821	16.44	
635.171	17.44	
635.52	19.44	
635.869	22.44	
636.218	19.44	
636.567	19.44	
636.916	21.44	
637.265	18.44	
637.614	15.44	
637.963	17.44	
638.312	14.44	
638.661	21.44	
639.01	16.44	
639.358	18.44	
639.707	17.44	
640.056	20.44	
640.404	23.44	
640.753	18.44	
641.101	21.44	
641.45	18.44	
641.798	18.44	
642.147	19.44	
642.495	17.44	
642.843	16.44	
643.192	19.44	
643.54	17.44	
643.888	17.44	
644.236	25.44	
644.584	20.44	
644.932	18.44	
645.28	21.44	
645.628	13.44	
645.976	23.44	
646.324	23.44	
646.671	20.44	
647.019	14.44	
647.367	17.44	
647.714	17.44	
648.062	19.44	
648.41	21.44	
648.757	17.44	
649.105	21.44	
649.452	21.44	
649.799	27.44	
650.147	14.44	
650.494	17.44	
650.841	13.44	
651.188	16.44	
651.536	17.44	
651.883	20.44	
652.23	21.44	
652.577	20.44	
652.924	18.44	
653.271	16.44	
653.617	17.44	
653.964	19.44	
654.311	20.44	
654.658	17.44	
655.004	15.44	
655.351	21.44	
655.698	25.44	
656.044	16.44	
656.391	18.44	
656.737	15.44	
657.084	17.44	
657.43	14.44	
657.776	13.44	
658.123	14.44	
658.469	21.44	
658.815	14.44	
659.161	20.44	
659.507	19.44	
659.853	17.44	
660.199	10.44	
660.545	21.44	
660.891	16.44	
661.237	17.44	
661.583	14.44	
661.928	18.44	
662.274	16.44	
662.62	21.44	
662.965	15.44	
663.311	14.44	
663.657	17.44	
664.002	18.44	
664.348	15.44	
664.693	20.44	
665.038	18.44	
665.384	16.44	
665.729	16.44	
666.074	20.44	
666.419	18.44	
666.764	13.44	
667.109	17.44	
667.454	18.44	
667.799	23.44	
668.144	16.44	
668.489	17.44	
668.834	25.44	
669.179	22.44	
669.524	17.44	
669.868	18.44	
670.213	14.44	
670.558	12.44	
670.902	18.44	
671.247	16.44	
671.591	25.44	
671.935	14.44	
672.28	17.44	
672.624	21.44	
672.968	14.44	
673.313	21.44	
673.657	14.44	
674.001	16.44	
674.345	19.44	
674.689	19.44	
675.033	12.44	
675.377	14.44	
675.721	17.44	
676.065	16.44	
676.409	21.44	
676.752	20.44	
677.096	17.44	
677.44	21.44	
677.783	18.44	
678.127	20.44	
678.471	15.44	
678.814	10.44	
679.158	15.44	
679.501	16.44	
679.844	23.44	
680.188	15.44	
680.531	19.44	
680.874	20.44	
681.217	16.44	
681.56	26.44	
681.903	15.44	
682.246	14.44	
682.589	18.44	
682.932	22.44	
683.275	20.44	
683.618	19.44	
683.961	17.44	
684.304	19.44	
684.646	17.44	
684.989	15.44	
685.331	14.44	
685.674	12.44	
686.017	15.44	
686.359	20.44	
686.701	15.44	
687.044	25.44	
687.386	21.44	
687.728	21.44	
688.071	15.44	
688.413	18.44	
688.755	17.44	
689.097	19.44	
689.439	10.44	
689.781	23.44	
690.123	17.44	
690.465	19.44	
690.807	18.44	
691.149	16.44	
691.49	18.44	
691.832	16.44	
692.174	18.44	
692.515	16.44	
692.857	17.44	
693.198	27.44	
693.54	16.44	
693.881	20.44	
694.223	17.44	
694.564	25.44	
694.905	18.44	
695.246	12.44	
695.588	23.44	
695.929	19.44	
696.27	15.44	
696.611	21.44	
696.952	17.44	
697.293	22.44	
697.634	17.44	
697.975	18.44	
698.315	20.44	
698.656	17.44	
698.997	18.44	
699.338	16.44	
699.678	14.44	
700.019	16.44	
700.359	14.44	
700.7	17.44	
701.04	22.44	
701.381	16.44	
701.721	16.44	
702.061	17.44	
702.402	18.44	
702.742	17.44	
703.082	21.44	
703.422	22.44	
703.762	15.44	
704.102	16.44	
704.442	21.44	
704.782	21.44	
705.122	12.44	
705.462	20.44	
705.801	14.44	
706.141	15.44	
706.481	28.44	
706.82	17.44	
707.16	19.44	
707.499	19.44	
707.839	16.44	
708.178	15.44	
708.518	16.44	
708.857	15.44	
709.196	16.44	
709.536	20.44	
709.875	14.44	
710.214	16.44	
710.553	22.44	
710.892	16.44	
711.231	19.44	
711.57	21.44	
711.909	22.44	
712.248	14.44	
712.587	8.44	
712.926	15.44	
713.264	16.44	
713.603	19.44	
713.942	14.44	
714.28	17.44	
714.619	21.44	
714.957	16.44	
715.296	17.44	
715.634	16.44	
715.972	20.44	
716.311	16.44	
716.649	14.44	
716.987	17.44	
717.325	18.44	
717.663	13.44	
718.001	17.44	
718.339	16.44	
718.677	21.44	
719.015	19.44	
719.353	25.44	
719.691	20.44	
720.029	13.44	
720.366	18.44	
720.704	20.44	
721.042	18.44	
721.379	18.44	
721.717	17.44	
722.054	20.44	
722.392	22.44	
722.729	21.44	
723.066	15.44	
723.404	19.44	
723.741	19.44	
724.078	17.44	
724.415	16.44	
724.752	16.44	
725.089	20.44	
725.426	24.44	
725.763	23.44	
726.1	16.44	
726.437	11.44	
726.774	17.44	
727.111	15.44	
727.447	20.44	
727.784	16.44	
728.121	13.44	
728.457	13.44	
728.794	16.44	
729.13	17.44	
729.466	21.44	
729.803	15.44	
730.139	16.44	
730.475	20.44	
730.812	17.44	
731.148	17.44	
731.484	18.44	
731.82	20.44	
732.156	17.44	
732.492	14.44	
732.828	20.44	
733.164	19.44	
733.5	16.44	
733.836	23.44	
734.171	21.44	
734.507	16.44	
734.843	14.44	
735.178	14.44	
735.514	18.44	
735.849	20.44	
736.185	18.44	
736.52	19.44	
736.855	22.44	
737.191	17.44	
737.526	16.44	
737.861	16.44	
738.196	19.44	
738.531	17.44	
738.867	16.44	
739.202	19.44	
739.537	23.44	
739.871	16.44	
740.206	16.44	
740.541	20.44	
740.876	16.44	
741.211	20.44	
741.545	17.44	
741.88	13.44	
742.214	17.44	
742.549	21.44	
742.883	15.44	
743.218	18.44	
743.552	12.44	
743.887	14.44	
744.221	21.44	
744.555	16.44	
744.889	17.44	
745.223	18.44	
745.558	20.44	
745.892	17.44	
746.226	20.44	
746.56	15.44	
746.893	15.44	
747.227	24.44	
747.561	18.44	
747.895	14.44	
748.228	15.44	
748.562	21.44	
748.896	21.44	
749.229	18.44	
749.563	17.44	
749.896	27.44	
750.23	20.44	
750.563	13.44	
750.896	13.44	
751.23	21.44	
751.563	17.44	
751.896	18.44	
752.229	18.44	
752.562	22.44	
752.895	24.44	
753.228	21.44	
753.561	22.44	
753.894	27.44	
754.227	20.44	
754.559	19.44	
754.892	19.44	
755.225	23.44	
755.557	22.44	
755.89	23.44	
756.223	15.44	
756.555	20.44	
756.887	22.44	
757.22	26.44	
757.552	20.44	
757.884	21.44	
758.217	24.44	
758.549	19.44	
758.881	18.44	
759.213	24.44	
759.545	29.44	
759.877	25.44	
760.209	26.44	
760.541	28.44	
760.873	31.44	
761.204	30.44	
761.536	30.44	
761.868	42.44	
762.2	39.44	
762.531	41.44	
762.863	45.44	
763.194	47.44	
763.526	49.44	
763.857	52.44	
764.188	57.44	
764.52	62.44	
764.851	82.44	
765.182	78.44	
765.513	97.44	
765.844	112.44	
766.175	128.44	
766.506	150.44	
766.837	169.44	
767.168	206.44	
767.499	232.44	
767.83	260.44	
768.161	311.44	
768.491	346.44	
768.822	397.44	
769.153	456.44	
769.483	540.44	
769.814	588.44	
770.144	663.44	
770.474	741.44	
770.805	790.44	
771.135	873.44	
771.465	948.44	
771.796	1017.44	
772.126	1087.44	
772.456	1175.44	
772.786	1262.44	
773.116	1364.44	
773.446	1393.44	
773.776	1474.44	
774.106	1525.44	
774.435	1519.44	
774.765	1556.44	
775.095	1592.44	
775.424	1623.44	
775.754	1644.44	
776.084	1662.44	
776.413	1684.44	
776.743	1675.44	
777.072	1692.44	
777.401	1679.44	
777.731	1671.44	
778.06	1672.44	
778.389	1658.44	
778.718	1645.44	
779.047	1666.44	
779.376	1669.44	
779.705	1680.44	
780.034	1678.44	
780.363	1643.44	
780.692	1657.44	
781.021	1675.44	
781.35	1654.44	
781.678	1678.44	
782.007	1708.44	
782.336	1688.44	
782.664	1692.44	
782.993	1718.44	
783.321	1691.44	
783.65	1711.44	
783.978	1683.44	
784.306	1684.44	
784.635	1720.44	
784.963	1756.44	
785.291	1784.44	
785.619	1739.44	
785.947	1793.44	
786.275	1820.44	
786.603	1867.44	
786.931	1903.44	
787.259	1920.44	
787.587	1914.44	
787.914	1910.44	
788.242	1894.44	
788.57	1921.44	
788.897	1919.44	
789.225	1887.44	
789.552	1904.44	
789.88	1898.44	
790.207	1943.44	
790.535	1945.44	
790.862	1947.44	
791.189	2040.44	
791.516	2011.44	
791.844	2045.44	
792.171	2104.44	
792.498	2181.44	
792.825	2185.44	
793.152	2224.44	
793.479	2233.44	
793.805	2221.44	
794.132	2292.44	
794.459	2303.44	
794.786	2272.44	
795.112	2321.44	
795.439	2283.44	
795.766	2274.44	
796.092	2231.44	
796.418	2221.44	
796.745	2201.44	
797.071	2268.44	
797.398	2248.44	
797.724	2308.44	
798.05	2300.44	
798.376	2294.44	
798.702	2351.44	
799.028	2332.44	
799.354	2323.44	
799.68	2330.44	
800.006	2386.44	
800.332	2409.44	
800.658	2430.44	
800.983	2428.44	
801.309	2426.44	
801.635	2424.44	
801.96	2464.44	
802.286	2434.44	
802.611	2434.44	
802.937	2381.44	
803.262	2359.44	
803.588	2351.44	
803.913	2432.44	
804.238	2363.44	
804.563	2370.44	
804.888	2330.44	
805.214	2370.44	
805.539	2407.44	
805.864	2441.44	
806.189	2418.44	
806.513	2478.44	
806.838	2519.44	
807.163	2526.44	
807.488	2581.44	
807.812	2593.44	
808.137	2652.44	
808.462	2676.44	
808.786	2698.44	
809.111	2674.44	
809.435	2644.44	
809.759	2600.44	
810.084	2569.44	
810.408	2604.44	
810.732	2561.44	
811.056	2530.44	
811.381	2477.44	
811.705	2501.44	
812.029	2463.44	
812.353	2486.44	
812.677	2458.44	
813	2486.44	
813.324	2521.44	
813.648	2524.44	
813.972	2605.44	
814.295	2658.44	
814.619	2708.44	
814.942	2645.44	
815.266	2653.44	
815.589	2667.44	
815.913	2613.44	
816.236	2650.44	
816.56	2614.44	
816.883	2597.44	
817.206	2582.44	
817.529	2525.44	
817.852	2442.44	
818.175	2441.44	
818.498	2443.44	
818.821	2391.44	
819.144	2440.44	
819.467	2430.44	
819.79	2437.44	
820.112	2433.44	
820.435	2557.44	
820.758	2537.44	
821.08	2545.44	
821.403	2502.44	
821.725	2534.44	
822.048	2553.44	
822.37	2568.44	
822.693	2539.44	
823.015	2526.44	
823.337	2450.44	
823.659	2439.44	
823.981	2439.44	
824.303	2369.44	
824.625	2332.44	
824.947	2242.44	
825.269	2221.44	
825.591	2119.44	
825.913	2121.44	
826.235	2079.44	
826.557	2015.44	
826.878	1991.44	
827.2	1958.44	
827.521	1982.44	
827.843	1929.44	
828.164	1905.44	
828.486	1909.44	
828.807	1852.44	
829.128	1812.44	
829.45	1740.44	
829.771	1682.44	
830.092	1619.44	
830.413	1411.44	
830.734	1158.44	
831.055	941.44	
831.376	735.44	
831.697	568.44	
832.018	417.44	
832.339	286.44	
832.659	178.44	
832.98	126.44	
833.301	88.44	
833.621	61.44	
833.942	43.44	
834.262	32.44	
834.583	33.44	
834.903	26.44	
835.223	24.44	
835.544	22.44	
835.864	21.44	
836.184	16.44	
836.504	21.44	
836.824	22.44	
837.144	14.44	
837.464	16.44	
837.784	24.44	
838.104	19.44	
838.424	21.44	
838.744	19.44	
839.063	19.44	
839.383	22.44	
839.703	19.44	
840.022	18.44	
840.342	22.44	
840.661	14.44	
840.98	14.44	
841.3	17.44	
841.619	17.44	
841.938	17.44	
842.257	20.44	
842.577	21.44	
842.896	17.44	
843.215	22.44	
843.534	17.44	
843.853	17.44	
844.171	16.44	
844.49	18.44	
844.809	27.44	
845.128	13.44	
845.446	17.44	
845.765	19.44	
846.084	20.44	
846.402	17.44	
846.721	20.44	
847.039	19.44	
847.357	22.44	
847.676	15.44	
847.994	20.44	
848.312	22.44	
848.63	21.44	
848.948	14.44	
849.266	13.44	
849.584	19.44	
849.902	16.44	
850.22	18.44	
850.538	18.44	
850.856	23.44	
851.173	24.44	
851.491	22.44	
851.809	18.44	
852.126	15.44	
852.444	18.44	
852.761	12.44	
853.079	20.44	
853.396	14.44	
853.713	16.44	
854.031	19.44	
854.348	23.44	
854.665	15.44	
854.982	17.44	
855.299	18.44	
855.616	16.44	
855.933	18.44	
856.25	16.44	
856.567	16.44	
856.884	19.44	
857.2	19.44	
857.517	18.44	
857.834	21.44	
858.15	18.44	
858.467	12.44	
858.783	16.44	
859.1	18.44	
859.416	18.44	
859.732	19.44	
860.048	17.44	
860.365	19.44	
860.681	21.44	
860.997	16.44	
861.313	19.44	
861.629	18.44	
861.945	16.44	
862.261	18.44	
862.577	17.44	
862.892	17.44	
863.208	16.44	
863.524	23.44	
863.839	19.44	
864.155	21.44	
864.471	19.44	
864.786	17.44	
865.101	21.44	
865.417	16.44	
865.732	11.44	
866.047	14.44	
866.363	17.44	
866.678	15.44	
866.993	22.44	
867.308	20.44	
867.623	24.44	
867.938	16.44	
868.253	17.44	
868.568	18.44	
868.882	19.44	
869.197	19.44	
869.512	17.44	
869.826	11.44	
870.141	18.44	
870.455	17.44	
870.77	18.44	
871.084	19.44	
871.399	15.44	
871.713	16.44	
872.027	19.44	
872.341	14.44	
872.656	14.44	
872.97	18.44	
873.284	14.44	
873.598	15.44	
873.912	18.44	
874.226	18.44	
874.539	16.44	
874.853	15.44	
875.167	12.44	
875.481	18.44	
875.794	21.44	
876.108	18.44	
876.421	11.44	
876.735	17.44	
877.048	14.44	
877.361	18.44	
877.675	16.44	
877.988	22.44	
878.301	22.44	
878.614	19.44	
878.927	19.44	
879.241	18.44	
879.553	18.44	
879.866	19.44	
880.179	20.44	
880.492	13.44	
880.805	21.44	
881.118	19.44	
881.43	21.44	
881.743	17.44	
882.055	14.44	
882.368	22.44	
882.68	17.44	
882.993	15.44	
883.305	14.44	
883.617	17.44	
883.93	14.44	
884.242	17.44	
884.554	15.44	
884.866	17.44	
885.178	19.44	
885.49	14.44	
885.802	18.44	
886.114	18.44	
886.426	17.44	
886.737	23.44	
887.049	19.44	
887.361	18.44	
887.672	14.44	
887.984	20.44	
888.295	16.44	
888.607	14.44	
888.918	10.44	
889.229	19.44	
889.541	14.44	
889.852	19.44	
890.163	12.44	
890.474	16.44	
890.785	17.44	
891.096	19.44	
891.407	12.44	
891.718	18.44	
892.029	17.44	
892.34	16.44	
892.65	14.44	
892.961	18.44	
893.272	13.44	
893.582	17.44	
893.893	18.44	
894.203	20.44	
894.514	20.44	
894.824	16.44	
895.134	23.44	
895.445	20.44	
895.755	17.44	
896.065	17.44	
896.375	15.44	
896.685	17.44	
896.995	15.44	
897.305	14.44	
897.615	18.44	
897.925	15.44	
898.235	19.44	
898.544	21.44	
898.854	17.44	
899.164	17.44	
899.473	19.44	
899.783	19.44	
900.092	12.44	
900.401	19.44	
900.711	17.44	
901.02	21.44	
901.329	12.44	
901.638	24.44	
901.948	21.44	
902.257	14.44	
902.566	18.44	
902.875	13.44	
903.184	16.44	
903.492	16.44	
903.801	9.44	
904.11	17.44	
904.419	13.44	
904.727	18.44	
905.036	12.44	
905.344	16.44	
905.653	12.44	
905.961	16.44	
906.27	14.44	
906.578	12.44	
906.886	13.44	
907.194	15.44	
907.503	18.44	
907.811	17.44	
908.119	16.44	
908.427	13.44	
908.735	12.44	
909.043	18.44	
909.35	23.44	
909.658	19.44	
909.966	17.44	
910.273	18.44	
910.581	19.44	
910.889	16.44	
911.196	22.44	
911.504	14.44	
911.811	13.44	
912.118	14.44	
912.426	19.44	
912.733	16.44	
913.04	19.44	
913.347	14.44	
913.654	14.44	
913.961	11.44	
914.268	15.44	
914.575	14.44	
914.882	19.44	
915.189	14.44	
915.495	11.44	
915.802	18.44	
916.109	12.44	
916.415	13.44	
916.722	15.44	
917.028	12.44	
917.335	21.44	
917.641	18.44	
917.947	16.44	
918.254	16.44	
918.56	19.44	
918.866	13.44	
919.172	17.44	
919.478	23.44	
919.784	21.44	
920.09	22.44	
920.396	16.44	
920.702	25.44	
921.007	17.44	
921.313	20.44	
921.619	13.44	
921.924	21.44	
922.23	17.44	
922.535	18.44	
922.841	13.44	
923.146	20.44	
923.451	19.44	
923.757	18.44	
924.062	12.44	
924.367	16.44	
924.672	16.44	
924.977	17.44	
925.282	18.44	
925.587	14.44	
925.892	14.44	
926.197	14.44	
926.502	18.44	
926.806	17.44	
927.111	16.44	
927.416	14.44	
927.72	10.44	
928.025	17.44	
928.329	16.44	
928.634	18.44	
928.938	15.44	
929.242	15.44	
929.546	12.44	
929.851	14.44	
930.155	19.44	
930.459	21.44	
930.763	14.44	
931.067	16.44	
931.371	12.44	
931.674	12.44	
931.978	19.44	
932.282	17.44	
932.586	10.44	
932.889	16.44	
933.193	16.44	
933.496	13.44	
933.8	15.44	
934.103	20.44	
934.406	18.44	
934.71	18.44	
935.013	13.44	
935.316	11.44	
935.619	21.44	
935.922	15.44	
936.225	18.44	
936.528	20.44	
936.831	19.44	
937.134	22.44	
937.437	11.44	
937.74	18.44	
938.042	13.44	
938.345	17.44	
938.647	8.44	
938.95	16.44	
939.252	13.44	
939.555	10.44	
939.857	16.44	
940.159	13.44	
940.462	18.44	
940.764	18.44	
941.066	16.44	
941.368	20.44	
941.67	19.44	
941.972	18.44	
942.274	20.44	
942.576	16.44	
942.878	18.44	
943.179	19.44	
943.481	18.44	
943.783	16.44	
944.084	17.44	
944.386	18.44	
944.687	10.44	
944.989	17.44	
945.29	20.44	
945.591	16.44	
945.892	19.44	
946.194	16.44	
946.495	15.44	
946.796	20.44	
947.097	15.44	
947.398	13.44	
947.699	19.44	
948	18.44	
948.3	15.44	
948.601	18.44	
948.902	16.44	
949.202	10.44	
949.503	20.44	
949.804	18.44	
950.104	16.44	
950.404	16.44	
950.705	14.44	
951.005	23.44	
951.305	20.44	
951.606	19.44	
951.906	13.44	
952.206	18.44	
952.506	12.44	
952.806	13.44	
953.106	12.44	
953.405	16.44	
953.705	13.44	
954.005	18.44	
954.305	16.44	
954.604	17.44	
954.904	16.44	
955.203	13.44	
955.503	16.44	
955.802	17.44	
956.102	19.44	
956.401	18.44	
956.7	17.44	
956.999	17.44	
957.298	12.44	
957.597	13.44	
957.896	28.44	
958.195	20.44	
958.494	15.44	
958.793	12.44	
959.092	19.44	
959.391	12.44	
959.689	14.44	
959.988	15.44	
960.287	14.44	
960.585	20.44	
960.884	17.44	
961.182	20.44	
961.48	10.44	
961.779	14.44	
962.077	17.44	
962.375	16.44	
962.673	18.44	
962.971	11.44	
963.269	14.44	
963.567	18.44	
963.865	13.44	
964.163	19.44	
964.461	13.44	
964.758	16.44	
965.056	21.44	
965.354	17.44	
965.651	18.44	
965.949	14.44	
966.246	17.44	
966.543	17.44	
966.841	21.44	
967.138	19.44	
967.435	19.44	
967.732	17.44	
968.03	21.44	
968.327	20.44	
968.624	21.44	
968.921	15.44	
969.217	17.44	
969.514	12.44	
969.811	15.44	
970.108	16.44	
970.404	15.44	
970.701	14.44	
970.997	14.44	
971.294	14.44	
971.59	14.44	
971.887	18.44	
972.183	19.44	
972.479	10.44	
972.776	14.44	
973.072	16.44	
973.368	16.44	
973.664	19.44	
973.96	15.44	
974.256	17.44	
974.552	18.44	
974.847	19.44	
975.143	15.44	
975.439	14.44	
975.734	17.44	
976.03	22.44	
976.326	19.44	
976.621	13.44	
976.916	16.44	
977.212	15.44	
977.507	18.44	
977.802	18.44	
978.098	15.44	
978.393	13.44	
978.688	20.44	
978.983	18.44	
979.278	17.44	
979.573	16.44	
979.867	16.44	
980.162	19.44	
980.457	14.44	
980.752	28.44	
981.046	15.44	
981.341	14.44	
981.635	15.44	
981.93	18.44	
982.224	17.44	
982.518	22.44	
982.813	18.44	
983.107	16.44	
983.401	14.44	
983.695	20.44	
983.989	17.44	
984.283	18.44	
984.577	18.44	
984.871	19.44	
985.165	21.44	
985.459	17.44	
985.752	17.44	
986.046	18.44	
986.34	22.44	
986.633	14.44	
986.927	10.44	
987.22	15.44	
987.513	15.44	
987.807	17.44	
988.1	11.44	
988.393	15.44	
988.686	23.44	
988.979	17.44	
989.272	19.44	
989.565	18.44	
989.858	16.44	
990.151	12.44	
990.444	17.44	
990.737	18.44	
991.029	16.44	
991.322	19.44	
991.615	13.44	
991.907	18.44	
992.199	20.44	
992.492	17.44	
992.784	21.44	
993.076	21.44	
993.369	15.44	
993.661	14.44	
993.953	12.44	
994.245	13.44	
994.537	19.44	
994.829	16.44	
995.121	15.44	
995.413	18.44	
995.704	10.44	
995.996	14.44	
996.288	17.44	
996.579	11.44	
996.871	17.44	
997.162	19.44	
997.454	19.44	
997.745	17.44	
998.036	12.44	
998.328	13.44	
998.619	17.44	
998.91	21.44	
999.201	20.44	
999.492	14.44	
999.783	19.44	
1000.074	21.44	
1000.365	16.44	
1000.656	20.44	
1000.946	17.44	
1001.237	19.44	
1001.528	19.44	
1001.818	9.44	
1002.109	17.44	
1002.399	16.44	
1002.69	18.44	
1002.98	13.44	
1003.27	16.44	
1003.56	15.44	
1003.851	21.44	
1004.141	21.44	
1004.431	16.44	
1004.721	18.44	
1005.011	17.44	
1005.3	18.44	
1005.59	16.44	
1005.88	17.44	
1006.17	20.44	
1006.459	19.44	
1006.749	14.44	
1007.038	15.44	
1007.328	15.44	
1007.617	16.44	
1007.907	14.44	
1008.196	13.44	
1008.485	17.44	
1008.774	20.44	
1009.063	20.44	
1009.353	18.44	
1009.642	15.44	
1009.93	13.44	
1010.219	14.44	
1010.508	17.44	
1010.797	15.44	
1011.086	16.44	
1011.374	16.44	
1011.663	13.44	
1011.951	17.44	
1012.24	19.44	
1012.528	17.44	
1012.817	18.44	
1013.105	18.44	
1013.393	14.44	
1013.681	19.44	
1013.97	16.44	
1014.258	18.44	
1014.546	13.44	
1014.834	16.44	
1015.122	19.44	
1015.409	17.44	
1015.697	15.44	
1015.985	17.44	
1016.273	21.44	
1016.56	19.44	
1016.848	15.44	
1017.135	15.44	
1017.423	15.44	
1017.71	18.44	
1017.997	17.44	
1018.285	16.44	
1018.572	19.44	
1018.859	11.44	
1019.146	15.44	
1019.433	17.44	
1019.72	21.44	
1020.007	15.44	
1020.294	18.44	
1020.581	12.44	
1020.867	17.44	
1021.154	18.44	
1021.441	15.44	
1021.727	19.44	
1022.014	13.44	
1022.3	13.44	
1022.587	15.44	
1022.873	15.44	
1023.159	14.44	
1023.445	18.44	
1023.732	16.44	
1024.018	14.44	
1024.304	17.44	
1024.59	20.44	
1024.876	9.44	
1025.162	18.44	
1025.447	17.44	
1025.733	11.44	
1026.019	18.44	
1026.304	13.44	
1026.59	11.44	
1026.875	8.44	
1027.161	13.44	
1027.446	16.44	
1027.732	12.44	
1028.017	11.44	
1028.302	18.44	
1028.587	18.44	
1028.872	11.44	
1029.157	12.44	
1029.442	17.44	
1029.727	18.44	
1030.012	20.44	
1030.297	18.44	
1030.582	15.44	
1030.867	18.44	
1031.151	19.44	
1031.436	13.44	
1031.72	15.44	
1032.005	10.44	
1032.289	17.44	
1032.573	11.44	
1032.858	16.44	
1033.142	16.44	
1033.426	18.44	
1033.71	20.44	
1033.994	16.44	
1034.278	19.44	
1034.562	13.44	
1034.846	17.44	
1035.13	14.44	
1035.414	18.44	
1035.697	17.44	
1035.981	20.44	
1036.265	17.44	
1036.548	15.44	
1036.832	12.44	
1037.115	16.44	
1037.398	13.44	
1037.682	18.44	
1037.965	17.44	
1038.248	15.44	
1038.531	20.44	
1038.814	16.44	
1039.097	15.44	
1039.38	16.44	
1039.663	16.44	
1039.946	17.44	
1040.228	14.44	
1040.511	11.44	
1040.794	17.44	
1041.076	18.44	
1041.359	17.44	
1041.641	21.44	
1041.924	20.44	
1042.206	19.44	
1042.488	16.44	
1042.771	47.44	
1043.053	8.44	
1043.335	17.44	
1043.617	15.44	
1043.899	14.44	
1044.181	22.44	
1044.463	13.44	
1044.745	15.44	
1045.026	16.44	
1045.308	11.44	
1045.59	12.44	
1045.871	12.44	
1046.153	12.44	
1046.434	16.44	
1046.716	16.44	
1046.997	17.44	
1047.278	12.44	
1047.559	15.44	
1047.841	15.44	
1048.122	14.44	
1048.403	17.44	
1048.684	18.44	
1048.965	13.44	
1049.245	17.44	
1049.526	15.44	
1049.807	16.44	
1050.088	19.44	
1050.368	18.44	
1050.649	13.44	
1050.929	16.44	
1051.21	20.44	
1051.49	17.44	
1051.771	15.44	
1052.051	29.44	
1052.331	14.44	
1052.611	13.44	
1052.891	18.44	
1053.171	12.44	
1053.451	15.44	
1053.731	21.44	
1054.011	21.44	
1054.291	17.44	
1054.571	14.44	
