USB2E5653_1:101		
372.62	-201.17	
372.999	7.83	
373.378	0.83	
373.757	2.83	
374.136	11.83	
374.515	8.83	
374.894	14.83	
375.273	11.83	
375.651	14.83	
376.03	6.83	
376.409	15.83	
376.788	13.83	
377.166	15.83	
377.545	12.83	
377.924	15.83	
378.302	17.83	
378.681	12.83	
379.059	15.83	
379.438	12.83	
379.816	14.83	
380.195	17.83	
380.573	16.83	
380.951	10.83	
381.329	18.83	
381.708	11.83	
382.086	17.83	
382.464	18.83	
382.842	15.83	
383.22	15.83	
383.598	15.83	
383.976	13.83	
384.354	19.83	
384.732	14.83	
385.11	12.83	
385.488	19.83	
385.866	12.83	
386.244	10.83	
386.621	11.83	
386.999	15.83	
387.377	14.83	
387.754	15.83	
388.132	14.83	
388.509	12.83	
388.887	11.83	
389.264	13.83	
389.642	12.83	
390.019	77.83	
390.397	13.83	
390.774	12.83	
391.151	15.83	
391.528	14.83	
391.906	10.83	
392.283	16.83	
392.66	9.83	
393.037	14.83	
393.414	18.83	
393.791	14.83	
394.168	12.83	
394.545	14.83	
394.922	17.83	
395.299	19.83	
395.676	11.83	
396.052	11.83	
396.429	11.83	
396.806	19.83	
397.183	14.83	
397.559	20.83	
397.936	16.83	
398.312	14.83	
398.689	13.83	
399.065	19.83	
399.442	18.83	
399.818	17.83	
400.195	18.83	
400.571	11.83	
400.947	19.83	
401.324	18.83	
401.7	12.83	
402.076	14.83	
402.452	18.83	
402.828	13.83	
403.204	20.83	
403.58	18.83	
403.956	15.83	
404.332	20.83	
404.708	23.83	
405.084	18.83	
405.46	13.83	
405.836	17.83	
406.211	14.83	
406.587	16.83	
406.963	16.83	
407.338	17.83	
407.714	19.83	
408.089	17.83	
408.465	10.83	
408.84	18.83	
409.216	14.83	
409.591	10.83	
409.967	13.83	
410.342	14.83	
410.717	16.83	
411.093	17.83	
411.468	17.83	
411.843	21.83	
412.218	19.83	
412.593	18.83	
412.968	17.83	
413.343	18.83	
413.718	18.83	
414.093	12.83	
414.468	14.83	
414.843	16.83	
415.218	17.83	
415.593	16.83	
415.967	14.83	
416.342	13.83	
416.717	19.83	
417.091	19.83	
417.466	18.83	
417.84	16.83	
418.215	23.83	
418.589	20.83	
418.964	21.83	
419.338	18.83	
419.713	15.83	
420.087	20.83	
420.461	23.83	
420.835	12.83	
421.21	18.83	
421.584	16.83	
421.958	20.83	
422.332	15.83	
422.706	15.83	
423.08	18.83	
423.454	18.83	
423.828	25.83	
424.202	17.83	
424.576	16.83	
424.949	15.83	
425.323	22.83	
425.697	13.83	
426.071	8.83	
426.444	15.83	
426.818	16.83	
427.191	17.83	
427.565	21.83	
427.939	14.83	
428.312	16.83	
428.685	24.83	
429.059	17.83	
429.432	17.83	
429.805	13.83	
430.179	19.83	
430.552	17.83	
430.925	21.83	
431.298	20.83	
431.671	23.83	
432.044	17.83	
432.417	15.83	
432.79	14.83	
433.163	17.83	
433.536	25.83	
433.909	21.83	
434.282	18.83	
434.655	20.83	
435.027	20.83	
435.4	16.83	
435.773	15.83	
436.145	20.83	
436.518	17.83	
436.891	14.83	
437.263	14.83	
437.636	17.83	
438.008	22.83	
438.38	15.83	
438.753	21.83	
439.125	18.83	
439.497	13.83	
439.87	19.83	
440.242	19.83	
440.614	15.83	
440.986	20.83	
441.358	22.83	
441.73	15.83	
442.102	11.83	
442.474	19.83	
442.846	22.83	
443.218	17.83	
443.59	22.83	
443.962	19.83	
444.333	18.83	
444.705	16.83	
445.077	20.83	
445.448	17.83	
445.82	17.83	
446.192	13.83	
446.563	17.83	
446.935	19.83	
447.306	19.83	
447.677	23.83	
448.049	22.83	
448.42	14.83	
448.791	20.83	
449.163	16.83	
449.534	17.83	
449.905	16.83	
450.276	16.83	
450.647	15.83	
451.018	23.83	
451.389	22.83	
451.76	23.83	
452.131	15.83	
452.502	17.83	
452.873	20.83	
453.244	15.83	
453.615	22.83	
453.985	23.83	
454.356	15.83	
454.727	21.83	
455.097	22.83	
455.468	18.83	
455.838	18.83	
456.209	15.83	
456.579	15.83	
456.95	20.83	
457.32	19.83	
457.69	18.83	
458.061	18.83	
458.431	20.83	
458.801	19.83	
459.171	17.83	
459.541	18.83	
459.911	11.83	
460.281	23.83	
460.651	16.83	
461.021	16.83	
461.391	37.83	
461.761	22.83	
462.131	16.83	
462.501	19.83	
462.871	21.83	
463.24	15.83	
463.61	19.83	
463.98	16.83	
464.349	21.83	
464.719	15.83	
465.088	14.83	
465.458	17.83	
465.827	16.83	
466.197	16.83	
466.566	19.83	
466.935	18.83	
467.305	18.83	
467.674	17.83	
468.043	21.83	
468.412	18.83	
468.781	17.83	
469.151	21.83	
469.52	17.83	
469.889	10.83	
470.258	12.83	
470.626	16.83	
470.995	17.83	
471.364	14.83	
471.733	17.83	
472.102	19.83	
472.47	15.83	
472.839	26.83	
473.208	19.83	
473.576	17.83	
473.945	22.83	
474.313	20.83	
474.682	20.83	
475.05	16.83	
475.419	20.83	
475.787	18.83	
476.155	22.83	
476.524	21.83	
476.892	14.83	
477.26	21.83	
477.628	17.83	
477.996	18.83	
478.364	16.83	
478.732	16.83	
479.1	16.83	
479.468	14.83	
479.836	14.83	
480.204	18.83	
480.572	14.83	
480.94	13.83	
481.307	23.83	
481.675	16.83	
482.043	20.83	
482.41	19.83	
482.778	25.83	
483.146	19.83	
483.513	20.83	
483.88	20.83	
484.248	15.83	
484.615	20.83	
484.983	17.83	
485.35	18.83	
485.717	18.83	
486.084	21.83	
486.452	19.83	
486.819	16.83	
487.186	17.83	
487.553	13.83	
487.92	16.83	
488.287	16.83	
488.654	18.83	
489.021	16.83	
489.387	16.83	
489.754	15.83	
490.121	15.83	
490.488	22.83	
490.854	13.83	
491.221	18.83	
491.588	10.83	
491.954	18.83	
492.321	18.83	
492.687	17.83	
493.054	17.83	
493.42	15.83	
493.786	17.83	
494.153	20.83	
494.519	17.83	
494.885	19.83	
495.251	21.83	
495.617	18.83	
495.984	16.83	
496.35	17.83	
496.716	21.83	
497.082	16.83	
497.448	19.83	
497.813	17.83	
498.179	17.83	
498.545	13.83	
498.911	26.83	
499.277	20.83	
499.642	17.83	
500.008	19.83	
500.374	17.83	
500.739	19.83	
501.105	20.83	
501.47	17.83	
501.836	19.83	
502.201	22.83	
502.566	15.83	
502.932	12.83	
503.297	20.83	
503.662	16.83	
504.027	19.83	
504.393	19.83	
504.758	14.83	
505.123	14.83	
505.488	20.83	
505.853	17.83	
506.218	20.83	
506.583	19.83	
506.948	12.83	
507.312	17.83	
507.677	18.83	
508.042	19.83	
508.407	18.83	
508.771	23.83	
509.136	13.83	
509.5	23.83	
509.865	17.83	
510.229	11.83	
510.594	21.83	
510.958	12.83	
511.323	20.83	
511.687	19.83	
512.051	18.83	
512.415	17.83	
512.78	13.83	
513.144	14.83	
513.508	19.83	
513.872	19.83	
514.236	18.83	
514.6	16.83	
514.964	16.83	
515.328	15.83	
515.692	17.83	
516.056	17.83	
516.419	16.83	
516.783	19.83	
517.147	19.83	
517.51	17.83	
517.874	20.83	
518.238	19.83	
518.601	20.83	
518.965	16.83	
519.328	19.83	
519.692	16.83	
520.055	21.83	
520.418	13.83	
520.782	18.83	
521.145	15.83	
521.508	18.83	
521.871	17.83	
522.234	18.83	
522.597	22.83	
522.96	19.83	
523.323	17.83	
523.686	12.83	
524.049	23.83	
524.412	24.83	
524.775	20.83	
525.138	19.83	
525.5	18.83	
525.863	19.83	
526.226	17.83	
526.588	16.83	
526.951	13.83	
527.313	18.83	
527.676	19.83	
528.038	15.83	
528.401	21.83	
528.763	17.83	
529.125	12.83	
529.488	18.83	
529.85	25.83	
530.212	18.83	
530.574	17.83	
530.936	12.83	
531.298	20.83	
531.66	20.83	
532.022	16.83	
532.384	126.83	
532.746	15.83	
533.108	19.83	
533.47	15.83	
533.832	15.83	
534.193	11.83	
534.555	18.83	
534.917	19.83	
535.278	17.83	
535.64	21.83	
536.001	22.83	
536.363	18.83	
536.724	18.83	
537.086	21.83	
537.447	17.83	
537.808	16.83	
538.17	20.83	
538.531	26.83	
538.892	17.83	
539.253	12.83	
539.614	15.83	
539.975	17.83	
540.336	16.83	
540.697	18.83	
541.058	17.83	
541.419	25.83	
541.78	19.83	
542.141	23.83	
542.501	20.83	
542.862	23.83	
543.223	18.83	
543.583	16.83	
543.944	14.83	
544.304	14.83	
544.665	20.83	
545.025	19.83	
545.386	18.83	
545.746	17.83	
546.106	21.83	
546.467	19.83	
546.827	20.83	
547.187	20.83	
547.547	15.83	
547.907	18.83	
548.267	18.83	
548.627	17.83	
548.987	22.83	
549.347	15.83	
549.707	20.83	
550.067	15.83	
550.427	16.83	
550.787	13.83	
551.146	18.83	
551.506	24.83	
551.866	17.83	
552.225	19.83	
552.585	21.83	
552.944	18.83	
553.304	17.83	
553.663	14.83	
554.023	18.83	
554.382	16.83	
554.741	19.83	
555.101	15.83	
555.46	14.83	
555.819	17.83	
556.178	21.83	
556.537	16.83	
556.896	15.83	
557.255	16.83	
557.614	19.83	
557.973	17.83	
558.332	14.83	
558.691	22.83	
559.05	16.83	
559.408	15.83	
559.767	19.83	
560.126	12.83	
560.484	18.83	
560.843	18.83	
561.201	20.83	
561.56	21.83	
561.918	16.83	
562.277	15.83	
562.635	21.83	
562.993	16.83	
563.352	15.83	
563.71	16.83	
564.068	20.83	
564.426	18.83	
564.784	12.83	
565.142	18.83	
565.5	20.83	
565.858	20.83	
566.216	18.83	
566.574	19.83	
566.932	14.83	
567.29	14.83	
567.647	19.83	
568.005	24.83	
568.363	14.83	
568.72	16.83	
569.078	18.83	
569.435	19.83	
569.793	17.83	
570.15	17.83	
570.508	20.83	
570.865	20.83	
571.222	13.83	
571.58	15.83	
571.937	18.83	
572.294	16.83	
572.651	15.83	
573.008	17.83	
573.365	13.83	
573.722	18.83	
574.079	16.83	
574.436	18.83	
574.793	20.83	
575.15	13.83	
575.507	20.83	
575.863	16.83	
576.22	17.83	
576.577	15.83	
576.933	16.83	
577.29	17.83	
577.647	22.83	
578.003	12.83	
578.359	16.83	
578.716	17.83	
579.072	20.83	
579.429	15.83	
579.785	17.83	
580.141	22.83	
580.497	13.83	
580.853	20.83	
581.209	15.83	
581.566	18.83	
581.922	22.83	
582.277	16.83	
582.633	16.83	
582.989	20.83	
583.345	20.83	
583.701	17.83	
584.057	23.83	
584.412	15.83	
584.768	16.83	
585.124	18.83	
585.479	18.83	
585.835	18.83	
586.19	21.83	
586.546	15.83	
586.901	13.83	
587.256	19.83	
587.612	13.83	
587.967	11.83	
588.322	20.83	
588.677	18.83	
589.032	16.83	
589.388	18.83	
589.743	19.83	
590.098	15.83	
590.452	11.83	
590.807	14.83	
591.162	17.83	
591.517	15.83	
591.872	20.83	
592.227	16.83	
592.581	17.83	
592.936	18.83	
593.291	18.83	
593.645	18.83	
594	17.83	
594.354	21.83	
594.709	17.83	
595.063	18.83	
595.417	16.83	
595.772	18.83	
596.126	23.83	
596.48	14.83	
596.834	15.83	
597.188	14.83	
597.542	19.83	
597.896	17.83	
598.25	17.83	
598.604	25.83	
598.958	23.83	
599.312	18.83	
599.666	19.83	
600.02	16.83	
600.373	17.83	
600.727	18.83	
601.081	18.83	
601.434	16.83	
601.788	19.83	
602.141	16.83	
602.495	16.83	
602.848	17.83	
603.201	19.83	
603.555	19.83	
603.908	23.83	
604.261	17.83	
604.614	15.83	
604.968	17.83	
605.321	17.83	
605.674	18.83	
606.027	15.83	
606.38	14.83	
606.733	24.83	
607.086	19.83	
607.438	18.83	
607.791	19.83	
608.144	17.83	
608.497	18.83	
608.849	18.83	
609.202	20.83	
609.554	15.83	
609.907	20.83	
610.259	20.83	
610.612	16.83	
610.964	18.83	
611.317	23.83	
611.669	12.83	
612.021	17.83	
612.373	17.83	
612.725	14.83	
613.078	15.83	
613.43	19.83	
613.782	15.83	
614.134	16.83	
614.486	16.83	
614.837	18.83	
615.189	15.83	
615.541	21.83	
615.893	13.83	
616.245	16.83	
616.596	18.83	
616.948	19.83	
617.3	17.83	
617.651	22.83	
618.003	18.83	
618.354	13.83	
618.705	16.83	
619.057	20.83	
619.408	17.83	
619.759	22.83	
620.111	19.83	
620.462	17.83	
620.813	21.83	
621.164	19.83	
621.515	18.83	
621.866	15.83	
622.217	21.83	
622.568	17.83	
622.919	23.83	
623.27	15.83	
623.62	17.83	
623.971	19.83	
624.322	24.83	
624.672	21.83	
625.023	12.83	
625.373	16.83	
625.724	20.83	
626.074	15.83	
626.425	13.83	
626.775	18.83	
627.126	14.83	
627.476	14.83	
627.826	17.83	
628.176	18.83	
628.526	18.83	
628.876	16.83	
629.227	19.83	
629.577	21.83	
629.927	14.83	
630.276	15.83	
630.626	19.83	
630.976	14.83	
631.326	17.83	
631.676	17.83	
632.025	22.83	
632.375	15.83	
632.725	16.83	
633.074	17.83	
633.424	17.83	
633.773	16.83	
634.123	21.83	
634.472	18.83	
634.821	15.83	
635.171	25.83	
635.52	16.83	
635.869	24.83	
636.218	24.83	
636.567	21.83	
636.916	15.83	
637.265	20.83	
637.614	18.83	
637.963	20.83	
638.312	17.83	
638.661	12.83	
639.01	16.83	
639.358	13.83	
639.707	17.83	
640.056	18.83	
640.404	17.83	
640.753	15.83	
641.101	14.83	
641.45	15.83	
641.798	20.83	
642.147	16.83	
642.495	14.83	
642.843	19.83	
643.192	17.83	
643.54	19.83	
643.888	19.83	
644.236	21.83	
644.584	13.83	
644.932	14.83	
645.28	14.83	
645.628	15.83	
645.976	17.83	
646.324	24.83	
646.671	15.83	
647.019	17.83	
647.367	15.83	
647.714	18.83	
648.062	20.83	
648.41	16.83	
648.757	18.83	
649.105	17.83	
649.452	13.83	
649.799	16.83	
650.147	19.83	
650.494	22.83	
650.841	25.83	
651.188	16.83	
651.536	14.83	
651.883	16.83	
652.23	17.83	
652.577	19.83	
652.924	19.83	
653.271	17.83	
653.617	16.83	
653.964	13.83	
654.311	17.83	
654.658	11.83	
655.004	17.83	
655.351	15.83	
655.698	20.83	
656.044	19.83	
656.391	18.83	
656.737	17.83	
657.084	18.83	
657.43	12.83	
657.776	19.83	
658.123	16.83	
658.469	18.83	
658.815	18.83	
659.161	15.83	
659.507	17.83	
659.853	20.83	
660.199	18.83	
660.545	20.83	
660.891	17.83	
661.237	13.83	
661.583	18.83	
661.928	14.83	
662.274	17.83	
662.62	12.83	
662.965	21.83	
663.311	20.83	
663.657	17.83	
664.002	19.83	
664.348	14.83	
664.693	22.83	
665.038	20.83	
665.384	17.83	
665.729	18.83	
666.074	14.83	
666.419	17.83	
666.764	17.83	
667.109	17.83	
667.454	16.83	
667.799	15.83	
668.144	14.83	
668.489	16.83	
668.834	15.83	
669.179	17.83	
669.524	17.83	
669.868	16.83	
670.213	16.83	
670.558	18.83	
670.902	19.83	
671.247	16.83	
671.591	21.83	
671.935	9.83	
672.28	18.83	
672.624	22.83	
672.968	18.83	
673.313	14.83	
673.657	15.83	
674.001	8.83	
674.345	12.83	
674.689	12.83	
675.033	17.83	
675.377	12.83	
675.721	18.83	
676.065	19.83	
676.409	18.83	
676.752	14.83	
677.096	17.83	
677.44	16.83	
677.783	13.83	
678.127	20.83	
678.471	14.83	
678.814	12.83	
679.158	14.83	
679.501	22.83	
679.844	12.83	
680.188	20.83	
680.531	14.83	
680.874	13.83	
681.217	21.83	
681.56	17.83	
681.903	12.83	
682.246	17.83	
682.589	21.83	
682.932	16.83	
683.275	21.83	
683.618	15.83	
683.961	15.83	
684.304	19.83	
684.646	17.83	
684.989	12.83	
685.331	17.83	
685.674	18.83	
686.017	13.83	
686.359	18.83	
686.701	13.83	
687.044	15.83	
687.386	17.83	
687.728	17.83	
688.071	17.83	
688.413	14.83	
688.755	14.83	
689.097	16.83	
689.439	19.83	
689.781	15.83	
690.123	14.83	
690.465	18.83	
690.807	22.83	
691.149	17.83	
691.49	16.83	
691.832	17.83	
692.174	24.83	
692.515	22.83	
692.857	20.83	
693.198	27.83	
693.54	17.83	
693.881	16.83	
694.223	18.83	
694.564	20.83	
694.905	15.83	
695.246	16.83	
695.588	17.83	
695.929	14.83	
696.27	14.83	
696.611	12.83	
696.952	18.83	
697.293	25.83	
697.634	15.83	
697.975	16.83	
698.315	14.83	
698.656	21.83	
698.997	13.83	
699.338	17.83	
699.678	19.83	
700.019	12.83	
700.359	18.83	
700.7	12.83	
701.04	16.83	
701.381	13.83	
701.721	15.83	
702.061	14.83	
702.402	10.83	
702.742	19.83	
703.082	19.83	
703.422	19.83	
703.762	16.83	
704.102	13.83	
704.442	16.83	
704.782	15.83	
705.122	15.83	
705.462	21.83	
705.801	17.83	
706.141	13.83	
706.481	17.83	
706.82	17.83	
707.16	12.83	
707.499	17.83	
707.839	19.83	
708.178	12.83	
708.518	19.83	
708.857	18.83	
709.196	16.83	
709.536	26.83	
709.875	17.83	
710.214	18.83	
710.553	16.83	
710.892	18.83	
711.231	16.83	
711.57	14.83	
711.909	21.83	
712.248	16.83	
712.587	17.83	
712.926	18.83	
713.264	18.83	
713.603	15.83	
713.942	21.83	
714.28	15.83	
714.619	21.83	
714.957	15.83	
715.296	16.83	
715.634	22.83	
715.972	21.83	
716.311	15.83	
716.649	17.83	
716.987	19.83	
717.325	20.83	
717.663	17.83	
718.001	17.83	
718.339	12.83	
718.677	17.83	
719.015	17.83	
719.353	21.83	
719.691	18.83	
720.029	13.83	
720.366	19.83	
720.704	20.83	
721.042	17.83	
721.379	15.83	
721.717	13.83	
722.054	20.83	
722.392	16.83	
722.729	18.83	
723.066	17.83	
723.404	14.83	
723.741	17.83	
724.078	18.83	
724.415	14.83	
724.752	13.83	
725.089	20.83	
725.426	17.83	
725.763	21.83	
726.1	16.83	
726.437	15.83	
726.774	15.83	
727.111	16.83	
727.447	21.83	
727.784	17.83	
728.121	14.83	
728.457	16.83	
728.794	16.83	
729.13	26.83	
729.466	17.83	
729.803	16.83	
730.139	12.83	
730.475	19.83	
730.812	11.83	
731.148	14.83	
731.484	15.83	
731.82	17.83	
732.156	15.83	
732.492	13.83	
732.828	18.83	
733.164	18.83	
733.5	13.83	
733.836	18.83	
734.171	21.83	
734.507	16.83	
734.843	13.83	
735.178	17.83	
735.514	16.83	
735.849	16.83	
736.185	16.83	
736.52	20.83	
736.855	18.83	
737.191	18.83	
737.526	13.83	
737.861	20.83	
738.196	15.83	
738.531	19.83	
738.867	16.83	
739.202	20.83	
739.537	15.83	
739.871	16.83	
740.206	23.83	
740.541	16.83	
740.876	17.83	
741.211	13.83	
741.545	18.83	
741.88	18.83	
742.214	13.83	
742.549	18.83	
742.883	19.83	
743.218	15.83	
743.552	14.83	
743.887	17.83	
744.221	15.83	
744.555	19.83	
744.889	22.83	
745.223	17.83	
745.558	13.83	
745.892	17.83	
746.226	19.83	
746.56	18.83	
746.893	20.83	
747.227	18.83	
747.561	21.83	
747.895	15.83	
748.228	17.83	
748.562	17.83	
748.896	13.83	
749.229	14.83	
749.563	15.83	
749.896	16.83	
750.23	16.83	
750.563	16.83	
750.896	18.83	
751.23	11.83	
751.563	10.83	
751.896	20.83	
752.229	20.83	
752.562	18.83	
752.895	13.83	
753.228	16.83	
753.561	18.83	
753.894	16.83	
754.227	20.83	
754.559	24.83	
754.892	15.83	
755.225	17.83	
755.557	19.83	
755.89	15.83	
756.223	14.83	
756.555	24.83	
756.887	17.83	
757.22	22.83	
757.552	21.83	
757.884	17.83	
758.217	24.83	
758.549	19.83	
758.881	18.83	
759.213	23.83	
759.545	22.83	
759.877	21.83	
760.209	27.83	
760.541	25.83	
760.873	30.83	
761.204	28.83	
761.536	29.83	
761.868	30.83	
762.2	33.83	
762.531	35.83	
762.863	32.83	
763.194	33.83	
763.526	44.83	
763.857	42.83	
764.188	35.83	
764.52	53.83	
764.851	50.83	
765.182	58.83	
765.513	58.83	
765.844	70.83	
766.175	78.83	
766.506	84.83	
766.837	95.83	
767.168	113.83	
767.499	121.83	
767.83	131.83	
768.161	154.83	
768.491	162.83	
768.822	184.83	
769.153	196.83	
769.483	225.83	
769.814	241.83	
770.144	254.83	
770.474	274.83	
770.805	304.83	
771.135	319.83	
771.465	355.83	
771.796	375.83	
772.126	404.83	
772.456	420.83	
772.786	442.83	
773.116	476.83	
773.446	488.83	
773.776	498.83	
774.106	533.83	
774.435	542.83	
774.765	564.83	
775.095	565.83	
775.424	606.83	
775.754	616.83	
776.084	631.83	
776.413	648.83	
776.743	655.83	
777.072	668.83	
777.401	665.83	
777.731	689.83	
778.06	711.83	
778.389	698.83	
778.718	741.83	
779.047	738.83	
779.376	742.83	
779.705	737.83	
780.034	750.83	
780.363	751.83	
780.692	752.83	
781.021	779.83	
781.35	762.83	
781.678	786.83	
782.007	793.83	
782.336	786.83	
782.664	786.83	
782.993	793.83	
783.321	797.83	
783.65	800.83	
783.978	807.83	
784.306	827.83	
784.635	805.83	
784.963	830.83	
785.291	812.83	
785.619	812.83	
785.947	820.83	
786.275	824.83	
786.603	826.83	
786.931	837.83	
787.259	834.83	
787.587	860.83	
787.914	848.83	
788.242	858.83	
788.57	864.83	
788.897	854.83	
789.225	858.83	
789.552	879.83	
789.88	872.83	
790.207	884.83	
790.535	878.83	
790.862	878.83	
791.189	875.83	
791.516	903.83	
791.844	886.83	
792.171	880.83	
792.498	902.83	
792.825	881.83	
793.152	887.83	
793.479	878.83	
793.805	877.83	
794.132	886.83	
794.459	883.83	
794.786	883.83	
795.112	906.83	
795.439	893.83	
795.766	883.83	
796.092	894.83	
796.418	888.83	
796.745	870.83	
797.071	891.83	
797.398	871.83	
797.724	872.83	
798.05	867.83	
798.376	882.83	
798.702	885.83	
799.028	868.83	
799.354	879.83	
799.68	868.83	
800.006	863.83	
800.332	878.83	
800.658	865.83	
800.983	866.83	
801.309	855.83	
801.635	852.83	
801.96	858.83	
802.286	863.83	
802.611	876.83	
802.937	861.83	
803.262	861.83	
803.588	865.83	
803.913	863.83	
804.238	839.83	
804.563	862.83	
804.888	865.83	
805.214	833.83	
805.539	863.83	
805.864	831.83	
806.189	847.83	
806.513	830.83	
806.838	831.83	
807.163	818.83	
807.488	816.83	
807.812	825.83	
808.137	822.83	
808.462	822.83	
808.786	820.83	
809.111	817.83	
809.435	801.83	
809.759	801.83	
810.084	791.83	
810.408	802.83	
810.732	784.83	
811.056	780.83	
811.381	760.83	
811.705	780.83	
812.029	772.83	
812.353	779.83	
812.677	771.83	
813	758.83	
813.324	775.83	
813.648	756.83	
813.972	747.83	
814.295	751.83	
814.619	752.83	
814.942	747.83	
815.266	743.83	
815.589	748.83	
815.913	736.83	
816.236	723.83	
816.56	732.83	
816.883	709.83	
817.206	725.83	
817.529	724.83	
817.852	705.83	
818.175	706.83	
818.498	695.83	
818.821	712.83	
819.144	701.83	
819.467	689.83	
819.79	684.83	
820.112	680.83	
820.435	673.83	
820.758	663.83	
821.08	663.83	
821.403	643.83	
821.725	647.83	
822.048	633.83	
822.37	624.83	
822.693	612.83	
823.015	609.83	
823.337	589.83	
823.659	572.83	
823.981	567.83	
824.303	569.83	
824.625	555.83	
824.947	544.83	
825.269	525.83	
825.591	499.83	
825.913	484.83	
826.235	481.83	
826.557	455.83	
826.878	469.83	
827.2	437.83	
827.521	426.83	
827.843	402.83	
828.164	386.83	
828.486	372.83	
828.807	361.83	
829.128	335.83	
829.45	320.83	
829.771	302.83	
830.092	284.83	
830.413	274.83	
830.734	247.83	
831.055	247.83	
831.376	224.83	
831.697	206.83	
832.018	202.83	
832.339	188.83	
832.659	168.83	
832.98	159.83	
833.301	152.83	
833.621	141.83	
833.942	128.83	
834.262	114.83	
834.583	112.83	
834.903	106.83	
835.223	88.83	
835.544	80.83	
835.864	80.83	
836.184	69.83	
836.504	63.83	
836.824	60.83	
837.144	54.83	
837.464	52.83	
837.784	43.83	
838.104	35.83	
838.424	37.83	
838.744	39.83	
839.063	29.83	
839.383	38.83	
839.703	29.83	
840.022	26.83	
840.342	24.83	
840.661	28.83	
840.98	22.83	
841.3	24.83	
841.619	20.83	
841.938	20.83	
842.257	25.83	
842.577	20.83	
842.896	24.83	
843.215	21.83	
843.534	21.83	
843.853	17.83	
844.171	20.83	
844.49	20.83	
844.809	18.83	
845.128	23.83	
845.446	21.83	
845.765	17.83	
846.084	17.83	
846.402	20.83	
846.721	21.83	
847.039	9.83	
847.357	13.83	
847.676	17.83	
847.994	22.83	
848.312	19.83	
848.63	21.83	
848.948	18.83	
849.266	15.83	
849.584	10.83	
849.902	18.83	
850.22	17.83	
850.538	18.83	
850.856	20.83	
851.173	15.83	
851.491	17.83	
851.809	10.83	
852.126	10.83	
852.444	14.83	
852.761	18.83	
853.079	14.83	
853.396	18.83	
853.713	15.83	
854.031	20.83	
854.348	12.83	
854.665	14.83	
854.982	16.83	
855.299	16.83	
855.616	14.83	
855.933	16.83	
856.25	18.83	
856.567	19.83	
856.884	17.83	
857.2	17.83	
857.517	18.83	
857.834	12.83	
858.15	12.83	
858.467	16.83	
858.783	14.83	
859.1	10.83	
859.416	17.83	
859.732	18.83	
860.048	17.83	
860.365	14.83	
860.681	17.83	
860.997	14.83	
861.313	17.83	
861.629	12.83	
861.945	16.83	
862.261	17.83	
862.577	19.83	
862.892	16.83	
863.208	16.83	
863.524	21.83	
863.839	21.83	
864.155	17.83	
864.471	13.83	
864.786	23.83	
865.101	13.83	
865.417	15.83	
865.732	13.83	
866.047	15.83	
866.363	17.83	
866.678	17.83	
866.993	21.83	
867.308	18.83	
867.623	14.83	
867.938	17.83	
868.253	20.83	
868.568	13.83	
868.882	19.83	
869.197	17.83	
869.512	12.83	
869.826	17.83	
870.141	17.83	
870.455	15.83	
870.77	17.83	
871.084	15.83	
871.399	19.83	
871.713	10.83	
872.027	14.83	
872.341	18.83	
872.656	14.83	
872.97	16.83	
873.284	15.83	
873.598	21.83	
873.912	12.83	
874.226	23.83	
874.539	15.83	
874.853	17.83	
875.167	14.83	
875.481	12.83	
875.794	19.83	
876.108	17.83	
876.421	18.83	
876.735	18.83	
877.048	17.83	
877.361	15.83	
877.675	13.83	
877.988	16.83	
878.301	18.83	
878.614	18.83	
878.927	15.83	
879.241	18.83	
879.553	22.83	
879.866	23.83	
880.179	18.83	
880.492	11.83	
880.805	22.83	
881.118	15.83	
881.43	14.83	
881.743	20.83	
882.055	16.83	
882.368	20.83	
882.68	16.83	
882.993	18.83	
883.305	16.83	
883.617	14.83	
883.93	18.83	
884.242	11.83	
884.554	16.83	
884.866	18.83	
885.178	15.83	
885.49	15.83	
885.802	16.83	
886.114	14.83	
886.426	16.83	
886.737	22.83	
887.049	13.83	
887.361	12.83	
887.672	12.83	
887.984	17.83	
888.295	16.83	
888.607	17.83	
888.918	16.83	
889.229	17.83	
889.541	19.83	
889.852	22.83	
890.163	18.83	
890.474	12.83	
890.785	16.83	
891.096	15.83	
891.407	15.83	
891.718	16.83	
892.029	21.83	
892.34	13.83	
892.65	15.83	
892.961	14.83	
893.272	18.83	
893.582	18.83	
893.893	15.83	
894.203	29.83	
894.514	13.83	
894.824	13.83	
895.134	15.83	
895.445	16.83	
895.755	14.83	
896.065	13.83	
896.375	20.83	
896.685	17.83	
896.995	20.83	
897.305	17.83	
897.615	19.83	
897.925	18.83	
898.235	19.83	
898.544	13.83	
898.854	19.83	
899.164	10.83	
899.473	16.83	
899.783	11.83	
900.092	16.83	
900.401	15.83	
900.711	12.83	
901.02	15.83	
901.329	16.83	
901.638	13.83	
901.948	18.83	
902.257	17.83	
902.566	16.83	
902.875	17.83	
903.184	16.83	
903.492	22.83	
903.801	19.83	
904.11	16.83	
904.419	16.83	
904.727	19.83	
905.036	21.83	
905.344	15.83	
905.653	12.83	
905.961	17.83	
906.27	19.83	
906.578	16.83	
906.886	21.83	
907.194	14.83	
907.503	16.83	
907.811	16.83	
908.119	14.83	
908.427	17.83	
908.735	14.83	
909.043	19.83	
909.35	20.83	
909.658	14.83	
909.966	14.83	
910.273	17.83	
910.581	17.83	
910.889	16.83	
911.196	14.83	
911.504	15.83	
911.811	12.83	
912.118	15.83	
912.426	18.83	
912.733	13.83	
913.04	15.83	
913.347	18.83	
913.654	12.83	
913.961	14.83	
914.268	20.83	
914.575	10.83	
914.882	15.83	
915.189	20.83	
915.495	15.83	
915.802	20.83	
916.109	19.83	
916.415	21.83	
916.722	19.83	
917.028	19.83	
917.335	17.83	
917.641	14.83	
917.947	18.83	
918.254	17.83	
918.56	16.83	
918.866	16.83	
919.172	11.83	
919.478	19.83	
919.784	21.83	
920.09	15.83	
920.396	17.83	
920.702	17.83	
921.007	15.83	
921.313	21.83	
921.619	19.83	
921.924	18.83	
922.23	17.83	
922.535	20.83	
922.841	13.83	
923.146	15.83	
923.451	15.83	
923.757	15.83	
924.062	20.83	
924.367	13.83	
924.672	15.83	
924.977	17.83	
925.282	19.83	
925.587	18.83	
925.892	15.83	
926.197	13.83	
926.502	13.83	
926.806	17.83	
927.111	18.83	
927.416	28.83	
927.72	13.83	
928.025	15.83	
928.329	18.83	
928.634	12.83	
928.938	17.83	
929.242	10.83	
929.546	17.83	
929.851	16.83	
930.155	18.83	
930.459	17.83	
930.763	20.83	
931.067	17.83	
931.371	15.83	
931.674	19.83	
931.978	16.83	
932.282	17.83	
932.586	15.83	
932.889	17.83	
933.193	14.83	
933.496	16.83	
933.8	17.83	
934.103	22.83	
934.406	11.83	
934.71	20.83	
935.013	19.83	
935.316	19.83	
935.619	23.83	
935.922	16.83	
936.225	18.83	
936.528	19.83	
936.831	15.83	
937.134	13.83	
937.437	16.83	
937.74	13.83	
938.042	13.83	
938.345	19.83	
938.647	18.83	
938.95	14.83	
939.252	12.83	
939.555	16.83	
939.857	10.83	
940.159	13.83	
940.462	11.83	
940.764	15.83	
941.066	20.83	
941.368	9.83	
941.67	17.83	
941.972	14.83	
942.274	15.83	
942.576	14.83	
942.878	17.83	
943.179	22.83	
943.481	12.83	
943.783	18.83	
944.084	17.83	
944.386	16.83	
944.687	16.83	
944.989	16.83	
945.29	10.83	
945.591	11.83	
945.892	23.83	
946.194	15.83	
946.495	13.83	
946.796	16.83	
947.097	24.83	
947.398	12.83	
947.699	20.83	
948	14.83	
948.3	21.83	
948.601	14.83	
948.902	20.83	
949.202	13.83	
949.503	15.83	
949.804	13.83	
950.104	14.83	
950.404	14.83	
950.705	15.83	
951.005	12.83	
951.305	19.83	
951.606	13.83	
951.906	12.83	
952.206	15.83	
952.506	18.83	
952.806	15.83	
953.106	14.83	
953.405	13.83	
953.705	12.83	
954.005	10.83	
954.305	13.83	
954.604	26.83	
954.904	20.83	
955.203	15.83	
955.503	13.83	
955.802	15.83	
956.102	18.83	
956.401	15.83	
956.7	12.83	
956.999	18.83	
957.298	11.83	
957.597	16.83	
957.896	14.83	
958.195	17.83	
958.494	19.83	
958.793	18.83	
959.092	15.83	
959.391	16.83	
959.689	12.83	
959.988	20.83	
960.287	14.83	
960.585	18.83	
960.884	17.83	
961.182	16.83	
961.48	17.83	
961.779	15.83	
962.077	15.83	
962.375	17.83	
962.673	17.83	
962.971	23.83	
963.269	15.83	
963.567	14.83	
963.865	12.83	
964.163	12.83	
964.461	11.83	
964.758	18.83	
965.056	19.83	
965.354	18.83	
965.651	20.83	
965.949	12.83	
966.246	16.83	
966.543	12.83	
966.841	15.83	
967.138	20.83	
967.435	16.83	
967.732	15.83	
968.03	25.83	
968.327	20.83	
968.624	20.83	
968.921	20.83	
969.217	15.83	
969.514	18.83	
969.811	13.83	
970.108	14.83	
970.404	17.83	
970.701	10.83	
970.997	12.83	
971.294	16.83	
971.59	17.83	
971.887	14.83	
972.183	17.83	
972.479	16.83	
972.776	16.83	
973.072	17.83	
973.368	15.83	
973.664	20.83	
973.96	12.83	
974.256	21.83	
974.552	19.83	
974.847	15.83	
975.143	17.83	
975.439	14.83	
975.734	13.83	
976.03	20.83	
976.326	18.83	
976.621	14.83	
976.916	10.83	
977.212	14.83	
977.507	18.83	
977.802	15.83	
978.098	18.83	
978.393	14.83	
978.688	10.83	
978.983	22.83	
979.278	17.83	
979.573	15.83	
979.867	12.83	
980.162	17.83	
980.457	18.83	
980.752	32.83	
981.046	13.83	
981.341	11.83	
981.635	13.83	
981.93	19.83	
982.224	12.83	
982.518	21.83	
982.813	15.83	
983.107	22.83	
983.401	18.83	
983.695	22.83	
983.989	11.83	
984.283	11.83	
984.577	14.83	
984.871	16.83	
985.165	12.83	
985.459	15.83	
985.752	14.83	
986.046	14.83	
986.34	23.83	
986.633	12.83	
986.927	15.83	
987.22	12.83	
987.513	24.83	
987.807	21.83	
988.1	15.83	
988.393	17.83	
988.686	23.83	
988.979	13.83	
989.272	13.83	
989.565	20.83	
989.858	18.83	
990.151	17.83	
990.444	15.83	
990.737	14.83	
991.029	12.83	
991.322	17.83	
991.615	18.83	
991.907	18.83	
992.199	16.83	
992.492	16.83	
992.784	17.83	
993.076	17.83	
993.369	14.83	
993.661	15.83	
993.953	19.83	
994.245	22.83	
994.537	15.83	
994.829	15.83	
995.121	8.83	
995.413	17.83	
995.704	17.83	
995.996	21.83	
996.288	17.83	
996.579	16.83	
996.871	10.83	
997.162	12.83	
997.454	12.83	
997.745	17.83	
998.036	7.83	
998.328	15.83	
998.619	14.83	
998.91	17.83	
999.201	18.83	
999.492	15.83	
999.783	17.83	
1000.074	16.83	
1000.365	15.83	
1000.656	18.83	
1000.946	15.83	
1001.237	15.83	
1001.528	15.83	
1001.818	16.83	
1002.109	20.83	
1002.399	18.83	
1002.69	16.83	
1002.98	15.83	
1003.27	13.83	
1003.56	16.83	
1003.851	14.83	
1004.141	16.83	
1004.431	12.83	
1004.721	17.83	
1005.011	12.83	
1005.3	18.83	
1005.59	10.83	
1005.88	13.83	
1006.17	12.83	
1006.459	23.83	
1006.749	17.83	
1007.038	16.83	
1007.328	19.83	
1007.617	14.83	
1007.907	14.83	
1008.196	14.83	
1008.485	18.83	
1008.774	16.83	
1009.063	13.83	
1009.353	15.83	
1009.642	17.83	
1009.93	21.83	
1010.219	15.83	
1010.508	14.83	
1010.797	17.83	
1011.086	13.83	
1011.374	19.83	
1011.663	17.83	
1011.951	15.83	
1012.24	18.83	
1012.528	17.83	
1012.817	13.83	
1013.105	19.83	
1013.393	16.83	
1013.681	19.83	
1013.97	13.83	
1014.258	15.83	
1014.546	17.83	
1014.834	12.83	
1015.122	17.83	
1015.409	13.83	
1015.697	13.83	
1015.985	18.83	
1016.273	10.83	
1016.56	21.83	
1016.848	15.83	
1017.135	14.83	
1017.423	17.83	
1017.71	14.83	
1017.997	15.83	
1018.285	13.83	
1018.572	19.83	
1018.859	16.83	
1019.146	14.83	
1019.433	20.83	
1019.72	14.83	
1020.007	19.83	
1020.294	17.83	
1020.581	12.83	
1020.867	17.83	
1021.154	14.83	
1021.441	15.83	
1021.727	17.83	
1022.014	15.83	
1022.3	12.83	
1022.587	11.83	
1022.873	16.83	
1023.159	17.83	
1023.445	16.83	
1023.732	12.83	
1024.018	17.83	
1024.304	20.83	
1024.59	19.83	
1024.876	13.83	
1025.162	16.83	
1025.447	15.83	
1025.733	11.83	
1026.019	20.83	
1026.304	13.83	
1026.59	16.83	
1026.875	18.83	
1027.161	17.83	
1027.446	18.83	
1027.732	14.83	
1028.017	18.83	
1028.302	14.83	
1028.587	16.83	
1028.872	14.83	
1029.157	16.83	
1029.442	18.83	
1029.727	19.83	
1030.012	17.83	
1030.297	14.83	
1030.582	19.83	
1030.867	12.83	
1031.151	15.83	
1031.436	16.83	
1031.72	22.83	
1032.005	16.83	
1032.289	15.83	
1032.573	13.83	
1032.858	12.83	
1033.142	12.83	
1033.426	16.83	
1033.71	16.83	
1033.994	16.83	
1034.278	16.83	
1034.562	17.83	
1034.846	13.83	
1035.13	13.83	
1035.414	17.83	
1035.697	14.83	
1035.981	14.83	
1036.265	15.83	
1036.548	19.83	
1036.832	15.83	
1037.115	16.83	
1037.398	12.83	
1037.682	22.83	
1037.965	18.83	
1038.248	17.83	
1038.531	15.83	
1038.814	13.83	
1039.097	16.83	
1039.38	15.83	
1039.663	16.83	
1039.946	13.83	
1040.228	19.83	
1040.511	15.83	
1040.794	16.83	
1041.076	18.83	
1041.359	14.83	
1041.641	16.83	
1041.924	21.83	
1042.206	24.83	
1042.488	16.83	
1042.771	54.83	
1043.053	11.83	
1043.335	19.83	
1043.617	15.83	
1043.899	11.83	
1044.181	13.83	
1044.463	14.83	
1044.745	13.83	
1045.026	15.83	
1045.308	14.83	
1045.59	11.83	
1045.871	20.83	
1046.153	13.83	
1046.434	21.83	
1046.716	18.83	
1046.997	18.83	
1047.278	11.83	
1047.559	18.83	
1047.841	19.83	
1048.122	20.83	
1048.403	20.83	
1048.684	16.83	
1048.965	13.83	
1049.245	17.83	
1049.526	10.83	
1049.807	16.83	
1050.088	19.83	
1050.368	10.83	
1050.649	20.83	
1050.929	16.83	
1051.21	16.83	
1051.49	11.83	
1051.771	22.83	
1052.051	32.83	
1052.331	13.83	
1052.611	18.83	
1052.891	13.83	
1053.171	17.83	
1053.451	13.83	
1053.731	20.83	
1054.011	18.83	
1054.291	17.83	
1054.571	16.83	
